FPR	TPR	Threshold
0	0	1
0	0.004784688995	0.8936992744
0	0.00956937799	0.8772115057
0.002036659878	0.00956937799	0.8731029186
0.002036659878	0.01435406699	0.8660401982
0.004073319756	0.01435406699	0.8561925561
0.004073319756	0.01913875598	0.8502237705
0.004073319756	0.02392344498	0.8428103983
0.006109979633	0.02392344498	0.8368354932
0.006109979633	0.02870813397	0.8276041084
0.006109979633	0.03349282297	0.819174425
0.006109979633	0.03827751196	0.8117020842
0.006109979633	0.04306220096	0.8033815548
0.006109979633	0.04784688995	0.8005071389
0.008146639511	0.04784688995	0.7991289859
0.008146639511	0.05263157895	0.7985522081
0.008146639511	0.05741626794	0.7980682242
0.008146639511	0.06220095694	0.7956857928
0.008146639511	0.06698564593	0.7912182142
0.01018329939	0.06698564593	0.7860064244
0.01221995927	0.06698564593	0.7765945232
0.01221995927	0.07177033493	0.7691748263
0.01221995927	0.07655502392	0.7622724002
0.01425661914	0.07655502392	0.7531427341
0.01425661914	0.08133971292	0.7480220024
0.01425661914	0.08612440191	0.7451541557
0.01629327902	0.08612440191	0.7421575281
0.01629327902	0.09090909091	0.7400513231
0.01629327902	0.0956937799	0.7384395748
0.0183299389	0.0956937799	0.7333907
0.02036659878	0.0956937799	0.7264405158
0.02240325866	0.0956937799	0.7218341726
0.02240325866	0.1004784689	0.7190211449
0.02240325866	0.1052631579	0.7165435213
0.02443991853	0.1052631579	0.7153239074
0.02647657841	0.1052631579	0.7131511713
0.02647657841	0.1100478469	0.7109863915
0.02851323829	0.1100478469	0.7105258975
0.02851323829	0.1148325359	0.7101942408
0.02851323829	0.1196172249	0.7085529266
0.02851323829	0.1244019139	0.6991039158
0.02851323829	0.1291866029	0.6904360253
0.02851323829	0.1339712919	0.6878717804
0.02851323829	0.1387559809	0.6836205789
0.02851323829	0.1435406699	0.6784224885
0.03054989817	0.1435406699	0.6745052718
0.03054989817	0.1483253589	0.6711441592
0.03258655804	0.1483253589	0.6679260891
0.03258655804	0.1531100478	0.6651238306
0.03258655804	0.1578947368	0.6610840192
0.03258655804	0.1626794258	0.6558948969
0.03462321792	0.1626794258	0.652107711
0.0366598778	0.1626794258	0.650673323
0.03869653768	0.1626794258	0.6498378527
0.03869653768	0.1674641148	0.6478001034
0.04073319756	0.1674641148	0.6448063599
0.04073319756	0.1722488038	0.6435616535
0.04276985743	0.1722488038	0.6431909638
0.04276985743	0.1770334928	0.6425245112
0.04276985743	0.1818181818	0.6412855119
0.04276985743	0.1866028708	0.6379335697
0.04276985743	0.1913875598	0.6352983158
0.04276985743	0.1961722488	0.6348601963
0.04480651731	0.1961722488	0.630916567
0.04684317719	0.1961722488	0.6272206651
0.04684317719	0.2009569378	0.6264321081
0.04684317719	0.2057416268	0.6249804927
0.04887983707	0.2057416268	0.6234986771
0.04887983707	0.2105263158	0.6226226176
0.05091649695	0.2105263158	0.6212031877
0.05091649695	0.2153110048	0.6195376328
0.05091649695	0.2200956938	0.6183079289
0.05091649695	0.2248803828	0.6172543141
0.05091649695	0.2296650718	0.6161923744
0.05091649695	0.2344497608	0.6147036305
0.05295315682	0.2344497608	0.613548022
0.05295315682	0.2392344498	0.612540974
0.05295315682	0.2440191388	0.6094852105
0.05295315682	0.2488038278	0.6064903231
0.0549898167	0.2488038278	0.6054348281
0.0549898167	0.2535885167	0.6026193156
0.0549898167	0.2583732057	0.5995767341
0.0549898167	0.2631578947	0.5981970943
0.0549898167	0.2679425837	0.5963261096
0.0549898167	0.2727272727	0.593575562
0.0549898167	0.2775119617	0.5907476969
0.0549898167	0.2822966507	0.5891762547
0.0549898167	0.2870813397	0.5881288213
0.0549898167	0.2918660287	0.5870804409
0.0549898167	0.2966507177	0.5846633242
0.0549898167	0.3014354067	0.5819857018
0.05702647658	0.3014354067	0.5812964836
0.05702647658	0.3062200957	0.5810101674
0.05702647658	0.3110047847	0.5807413925
0.05906313646	0.3110047847	0.580191895
0.05906313646	0.3157894737	0.5780602646
0.05906313646	0.3205741627	0.5743900251
0.05906313646	0.3253588517	0.5714190822
0.06109979633	0.3253588517	0.5688163701
0.06109979633	0.3301435407	0.566240205
0.06313645621	0.3301435407	0.5645892772
0.06313645621	0.3349282297	0.5637015437
0.06313645621	0.3397129187	0.5632268837
0.06517311609	0.3397129187	0.5629682564
0.06720977597	0.3397129187	0.5610760869
0.06720977597	0.3444976077	0.5551572785
0.06924643585	0.3444976077	0.5493090011
0.07128309572	0.3444976077	0.5473772876
0.0733197556	0.3444976077	0.5467823784
0.0733197556	0.3492822967	0.5463528644
0.07535641548	0.3492822967	0.5437783939
0.07739307536	0.3492822967	0.5354855408
0.07942973523	0.3492822967	0.528665999
0.08146639511	0.3492822967	0.5272709691
0.08146639511	0.3540669856	0.5253522123
0.08350305499	0.3540669856	0.523143513
0.08350305499	0.3588516746	0.5224120665
0.08350305499	0.3636363636	0.5212959027
0.08350305499	0.3684210526	0.5200111223
0.08350305499	0.3732057416	0.5196809929
0.08553971487	0.3732057416	0.5187262853
0.08553971487	0.3779904306	0.5178078241
0.08553971487	0.3827751196	0.5177565344
0.08757637475	0.3827751196	0.5174536096
0.08961303462	0.3827751196	0.5160477262
0.0916496945	0.3827751196	0.5142702608
0.09368635438	0.3827751196	0.5121562555
0.09572301426	0.3827751196	0.5095882425
0.09572301426	0.3875598086	0.5080640294
0.09775967413	0.3875598086	0.506215035
0.09979633401	0.3875598086	0.5042648564
0.09979633401	0.3923444976	0.5032484812
0.09979633401	0.3971291866	0.5024092579
0.09979633401	0.4019138756	0.50127296
0.09979633401	0.4066985646	0.5000721049
0.09979633401	0.4114832536	0.4994761005
0.1018329939	0.4114832536	0.4991641468
0.1018329939	0.4162679426	0.4990161538
0.1018329939	0.4210526316	0.4968758139
0.1018329939	0.4258373206	0.4946386586
0.1038696538	0.4258373206	0.4934413618
0.1038696538	0.4306220096	0.4922713477
0.1059063136	0.4306220096	0.490535065
0.1059063136	0.4354066986	0.4887563315
0.1059063136	0.4401913876	0.4878929199
0.1079429735	0.4401913876	0.4856377108
0.1079429735	0.4449760766	0.4839418707
0.1099796334	0.4449760766	0.483533127
0.1120162933	0.4449760766	0.4832957902
0.1140529532	0.4449760766	0.4831051294
0.1140529532	0.4497607656	0.4822807329
0.1140529532	0.4545454545	0.4815328087
0.116089613	0.4545454545	0.4813419409
0.116089613	0.4593301435	0.4811431018
0.1181262729	0.4593301435	0.4808110326
0.1201629328	0.4593301435	0.4805569051
0.1221995927	0.4593301435	0.4800550985
0.1221995927	0.4641148325	0.4784425803
0.1221995927	0.4688995215	0.4769615615
0.1242362525	0.4688995215	0.4756582459
0.1262729124	0.4688995215	0.4740063981
0.1283095723	0.4688995215	0.472312933
0.1303462322	0.4688995215	0.4711624194
0.1303462322	0.4736842105	0.4705580294
0.1303462322	0.4784688995	0.4698336892
0.1323828921	0.4784688995	0.4693964714
0.1323828921	0.4832535885	0.4677264113
0.1323828921	0.4880382775	0.4642015513
0.1344195519	0.4880382775	0.4607570226
0.1344195519	0.4928229665	0.459169115
0.1364562118	0.4928229665	0.4577419582
0.1384928717	0.4928229665	0.4538792493
0.1384928717	0.4976076555	0.4509165857
0.1405295316	0.4976076555	0.4499625068
0.1405295316	0.5023923445	0.4483481092
0.1425661914	0.5023923445	0.4470649732
0.1425661914	0.5071770335	0.4460564557
0.1425661914	0.5119617225	0.4450348313
0.1425661914	0.5167464115	0.443750244
0.1446028513	0.5167464115	0.4425822841
0.1466395112	0.5167464115	0.4421207368
0.1486761711	0.5167464115	0.4404599609
0.150712831	0.5167464115	0.4376794598
0.1527494908	0.5167464115	0.4353506214
0.1527494908	0.5215311005	0.4340244451
0.1547861507	0.5215311005	0.4332529384
0.1568228106	0.5215311005	0.4324073273
0.1568228106	0.5263157895	0.4312334875
0.1568228106	0.5311004785	0.4303038344
0.1568228106	0.5358851675	0.4285170873
0.1588594705	0.5358851675	0.4267946333
0.1608961303	0.5358851675	0.4261343815
0.1629327902	0.5358851675	0.4250729664
0.1649694501	0.5358851675	0.4231504467
0.16700611	0.5358851675	0.4216788241
0.1690427699	0.5358851675	0.4214738501
0.1690427699	0.5406698565	0.4210532751
0.1710794297	0.5406698565	0.4200209211
0.1731160896	0.5406698565	0.4184095636
0.1731160896	0.5454545455	0.4170882485
0.1731160896	0.5502392344	0.4160140238
0.1751527495	0.5502392344	0.4153408769
0.1771894094	0.5502392344	0.4131118855
0.1771894094	0.5550239234	0.4095852506
0.1792260692	0.5550239234	0.4067924221
0.1812627291	0.5550239234	0.4041590334
0.183299389	0.5550239234	0.4024355664
0.1853360489	0.5550239234	0.4008624615
0.1853360489	0.5598086124	0.3998242085
0.1873727088	0.5598086124	0.3985588498
0.1873727088	0.5645933014	0.396836942
0.1873727088	0.5693779904	0.3961789166
0.1873727088	0.5741626794	0.3953237881
0.1894093686	0.5741626794	0.3943692667
0.1894093686	0.5789473684	0.3940619015
0.1894093686	0.5837320574	0.3935639101
0.1914460285	0.5837320574	0.3929295802
0.1914460285	0.5885167464	0.3922816479
0.1934826884	0.5885167464	0.3916731865
0.1955193483	0.5885167464	0.3907308113
0.1975560081	0.5885167464	0.3898733947
0.199592668	0.5885167464	0.3894728109
0.199592668	0.5933014354	0.3889465359
0.2016293279	0.5933014354	0.3870111269
0.2016293279	0.5980861244	0.3846344731
0.2016293279	0.6028708134	0.3832123485
0.2036659878	0.6028708134	0.3820676033
0.2036659878	0.6076555024	0.3816320769
0.2057026477	0.6076555024	0.3809894188
0.2077393075	0.6076555024	0.3803046741
0.2097759674	0.6076555024	0.3797554417
0.2097759674	0.6124401914	0.3787477227
0.2118126273	0.6124401914	0.3777363899
0.2138492872	0.6124401914	0.3772885441
0.2138492872	0.6172248804	0.3772008708
0.215885947	0.6172248804	0.3769472611
0.215885947	0.6220095694	0.3753262663
0.2179226069	0.6220095694	0.3734007261
0.2199592668	0.6220095694	0.3727487741
0.2219959267	0.6220095694	0.3725526639
0.2240325866	0.6220095694	0.3710358463
0.2260692464	0.6220095694	0.3692810597
0.2281059063	0.6220095694	0.3672878826
0.2301425662	0.6220095694	0.3640296178
0.2301425662	0.6267942584	0.3616792959
0.2321792261	0.6267942584	0.3601229468
0.2342158859	0.6267942584	0.3590400378
0.2362525458	0.6267942584	0.3586342046
0.2362525458	0.6315789474	0.3569607084
0.2382892057	0.6315789474	0.3548409692
0.2403258656	0.6315789474	0.3535590272
0.2423625255	0.6315789474	0.3522866645
0.2443991853	0.6315789474	0.3505659627
0.2464358452	0.6315789474	0.349030004
0.2484725051	0.6315789474	0.3486828075
0.250509165	0.6315789474	0.3482959547
0.250509165	0.6363636364	0.3477924496
0.250509165	0.6411483254	0.3472171983
0.2525458248	0.6411483254	0.3464661295
0.2545824847	0.6411483254	0.3459852127
0.2566191446	0.6411483254	0.3455696469
0.2586558045	0.6411483254	0.3452003633
0.2606924644	0.6411483254	0.3435549053
0.2606924644	0.6459330144	0.3410307607
0.2627291242	0.6459330144	0.3388796438
0.2647657841	0.6459330144	0.337582164
0.2647657841	0.6507177033	0.3371540329
0.266802444	0.6507177033	0.3362686605
0.2688391039	0.6507177033	0.3337302293
0.2688391039	0.6555023923	0.3314948515
0.2708757637	0.6555023923	0.3310720665
0.2708757637	0.6602870813	0.329671646
0.2729124236	0.6602870813	0.3265459952
0.2749490835	0.6602870813	0.3243224041
0.2769857434	0.6602870813	0.323400739
0.2769857434	0.6650717703	0.3217183861
0.2790224033	0.6650717703	0.3198856606
0.2810590631	0.6650717703	0.3188167784
0.283095723	0.6650717703	0.3183310668
0.2851323829	0.6650717703	0.318067267
0.2871690428	0.6650717703	0.3169226856
0.2892057026	0.6650717703	0.3156434235
0.2892057026	0.6698564593	0.3151755754
0.2912423625	0.6698564593	0.3144818616
0.2912423625	0.6746411483	0.3137674765
0.2912423625	0.6794258373	0.3135502581
0.2932790224	0.6794258373	0.3134468708
0.2953156823	0.6794258373	0.3131263566
0.2953156823	0.6842105263	0.3128926585
0.2953156823	0.6889952153	0.311391328
0.2973523422	0.6889952153	0.3097645974
0.299389002	0.6889952153	0.3086749021
0.299389002	0.6937799043	0.3075103556
0.3014256619	0.6937799043	0.3071197451
0.3034623218	0.6937799043	0.3067188407
0.3034623218	0.6965376782	0.3065050415
0.3034623218	0.6985645933	0.3063479029
0.3054989817	0.6985645933	0.3060502135
0.3054989817	0.7033492823	0.3055799175
0.3054989817	0.7081339713	0.303877069
0.3054989817	0.7129186603	0.3023302458
0.3075356415	0.7129186603	0.3009778738
0.3095723014	0.7129186603	0.2978921928
0.3116089613	0.7129186603	0.2955779157
0.3136456212	0.7129186603	0.2949417715
0.3156822811	0.7129186603	0.2945870339
0.3177189409	0.7129186603	0.2942788361
0.3197556008	0.7129186603	0.2936357564
0.3217922607	0.7129186603	0.2925198087
0.3238289206	0.7129186603	0.2918442825
0.3238289206	0.7177033493	0.2912272696
0.3258655804	0.7177033493	0.2905716313
0.3258655804	0.7224880383	0.2899628189
0.3258655804	0.7272727273	0.2886055718
0.3279022403	0.7272727273	0.2875061779
0.3299389002	0.7272727273	0.2871050087
0.3299389002	0.7320574163	0.2861405262
0.3319755601	0.7320574163	0.285151881
0.33401222	0.7320574163	0.2848809056
0.3360488798	0.7320574163	0.2842708099
0.3380855397	0.7320574163	0.2836508556
0.3380855397	0.7368421053	0.283463125
0.3401221996	0.7368421053	0.2827935613
0.3421588595	0.7368421053	0.2820200923
0.3441955193	0.7368421053	0.2817665332
0.3462321792	0.7368421053	0.28145288
0.3482688391	0.7368421053	0.2807860362
0.350305499	0.7368421053	0.2801555243
0.350305499	0.7416267943	0.2781042097
0.3523421589	0.7416267943	0.2762195937
0.3523421589	0.7464114833	0.2760257139
0.3543788187	0.7464114833	0.2750657775
0.3564154786	0.7464114833	0.2741433881
0.3584521385	0.7464114833	0.2733193582
0.3604887984	0.7464114833	0.2725933383
0.3604887984	0.7511961722	0.2720226945
0.3625254582	0.7511961722	0.2712875453
0.3645621181	0.7511961722	0.2709222321
0.366598778	0.7511961722	0.2699430437
0.3686354379	0.7511961722	0.2691077668
0.3706720978	0.7511961722	0.2677490934
0.3727087576	0.7511961722	0.2644656755
0.3747454175	0.7511961722	0.2614410986
0.3767820774	0.7511961722	0.2597229611
0.3767820774	0.7559808612	0.2578586259
0.3788187373	0.7559808612	0.2565288512
0.3788187373	0.7607655502	0.2562589554
0.3808553971	0.7607655502	0.2555859413
0.382892057	0.7607655502	0.2546446435
0.3849287169	0.7607655502	0.2536685125
0.3849287169	0.7655502392	0.2531181196
0.3869653768	0.7655502392	0.2523167693
0.3890020367	0.7655502392	0.2512405374
0.3910386965	0.7655502392	0.2506746884
0.3930753564	0.7655502392	0.2497225409
0.3951120163	0.7655502392	0.2486793728
0.3971486762	0.7655502392	0.2475132692
0.399185336	0.7655502392	0.2464854098
0.399185336	0.7703349282	0.2457384941
0.399185336	0.7751196172	0.2449761439
0.399185336	0.7799043062	0.2446203764
0.4012219959	0.7799043062	0.2438236331
0.4032586558	0.7799043062	0.2427825255
0.4052953157	0.7799043062	0.2421030293
0.4052953157	0.7846889952	0.2399478835
0.4073319756	0.7846889952	0.2374732435
0.4073319756	0.7894736842	0.2363652075
0.4073319756	0.7942583732	0.2358833551
0.4093686354	0.7942583732	0.2358225995
0.4093686354	0.7990430622	0.2356166209
0.4114052953	0.7990430622	0.2347162861
0.4114052953	0.8038277512	0.2337383945
0.4134419552	0.8038277512	0.2326217482
0.4154786151	0.8038277512	0.2311112391
0.4175152749	0.8038277512	0.2303149344
0.4175152749	0.8086124402	0.2295040115
0.4195519348	0.8086124402	0.2288523658
0.4215885947	0.8086124402	0.2287211449
0.4236252546	0.8086124402	0.2282008654
0.4256619145	0.8086124402	0.2277709852
0.4276985743	0.8086124402	0.2273186027
0.4297352342	0.8086124402	0.2263632639
0.4317718941	0.8086124402	0.2244451678
0.433808554	0.8086124402	0.2227107971
0.4358452138	0.8086124402	0.2217614458
0.4378818737	0.8086124402	0.2210651337
0.4399185336	0.8086124402	0.2206893953
0.4419551935	0.8086124402	0.2191679373
0.4439918534	0.8086124402	0.2178002491
0.4439918534	0.8133971292	0.2176359257
0.4460285132	0.8133971292	0.2175476318
0.4480651731	0.8133971292	0.2172141955
0.450101833	0.8133971292	0.2161950932
0.4521384929	0.8133971292	0.2153630859
0.4541751527	0.8133971292	0.2151131066
0.4562118126	0.8133971292	0.2126355218
0.4582484725	0.8133971292	0.2085346772
0.4602851324	0.8133971292	0.206249751
0.4623217923	0.8133971292	0.2052839135
0.4623217923	0.8181818182	0.2041698905
0.4643584521	0.8181818182	0.2034936585
0.466395112	0.8181818182	0.2026435448
0.4684317719	0.8181818182	0.201765929
0.4704684318	0.8181818182	0.2014828388
0.4725050916	0.8181818182	0.2006558313
0.4725050916	0.8229665072	0.1996254134
0.4725050916	0.8277511962	0.1991637915
0.4745417515	0.8277511962	0.1990043055
0.4765784114	0.8277511962	0.1988290605
0.4786150713	0.8277511962	0.1982299912
0.4806517312	0.8277511962	0.1975062753
0.482688391	0.8277511962	0.197344103
0.4847250509	0.8277511962	0.1972195977
0.4867617108	0.8277511962	0.1957632574
0.4887983707	0.8277511962	0.1932892264
0.4887983707	0.8325358852	0.1920970622
0.4887983707	0.8373205742	0.1917025916
0.4908350305	0.8373205742	0.1906717004
0.4928716904	0.8373205742	0.1893068606
0.4928716904	0.8421052632	0.1883657929
0.4949083503	0.8421052632	0.18801296
0.4969450102	0.8421052632	0.1869193625
0.4989816701	0.8421052632	0.1857592418
0.5010183299	0.8421052632	0.1852494754
0.5030549898	0.8421052632	0.184581301
0.5050916497	0.8421052632	0.1838056618
0.5071283096	0.8421052632	0.1830047753
0.5071283096	0.8468899522	0.1822688683
0.5071283096	0.8516746411	0.1818665621
0.5071283096	0.8564593301	0.1813808742
0.5091649695	0.8564593301	0.1807731688
0.5112016293	0.8564593301	0.1803669584
0.5132382892	0.8564593301	0.1800709274
0.5152749491	0.8564593301	0.1798190567
0.517311609	0.8564593301	0.1787893686
0.5193482688	0.8564593301	0.1762975078
0.5213849287	0.8564593301	0.1745794607
0.5234215886	0.8564593301	0.1729355537
0.5254582485	0.8564593301	0.1712375514
0.5254582485	0.8612440191	0.1709412114
0.5274949084	0.8612440191	0.1705234235
0.5295315682	0.8612440191	0.1702690293
0.5295315682	0.8660287081	0.1699719186
0.5315682281	0.8660287081	0.1691882135
0.5315682281	0.8708133971	0.1679060844
0.533604888	0.8708133971	0.1670439085
0.5356415479	0.8708133971	0.1660801828
0.5376782077	0.8708133971	0.1639353666
0.5376782077	0.8755980861	0.1625099112
0.5397148676	0.8755980861	0.1614474091
0.5417515275	0.8755980861	0.1598075408
0.5417515275	0.8803827751	0.1589352223
0.5437881874	0.8803827751	0.1587483828
0.5458248473	0.8803827751	0.1584545903
0.5478615071	0.8803827751	0.157284923
0.549898167	0.8803827751	0.155655846
0.5519348269	0.8803827751	0.1549045306
0.5539714868	0.8803827751	0.1548482788
0.5560081466	0.8803827751	0.1546997406
0.5580448065	0.8803827751	0.154287199
0.5600814664	0.8803827751	0.1539610921
0.5600814664	0.8851674641	0.1538848308
0.5621181263	0.8851674641	0.1535882904
0.5641547862	0.8851674641	0.1529328976
0.566191446	0.8851674641	0.1518328183
0.5682281059	0.8851674641	0.1511494964
0.5702647658	0.8851674641	0.1508798592
0.5723014257	0.8851674641	0.1499428056
0.5743380855	0.8851674641	0.1490609562
0.5763747454	0.8851674641	0.148430477
0.5784114053	0.8851674641	0.1476121285
0.5804480652	0.8851674641	0.1472141488
0.5824847251	0.8851674641	0.1468358659
0.5845213849	0.8851674641	0.1461922317
0.5845213849	0.8899521531	0.1450201852
0.5865580448	0.8899521531	0.1440734281
0.5865580448	0.8947368421	0.1432488107
0.5885947047	0.8947368421	0.1421985949
0.5906313646	0.8947368421	0.1419314222
0.5926680244	0.8947368421	0.1418693408
0.5926680244	0.8995215311	0.1417795846
0.5947046843	0.8995215311	0.1408151471
0.5967413442	0.8995215311	0.1396208934
0.5987780041	0.8995215311	0.1391548872
0.600814664	0.8995215311	0.1381153422
0.6028513238	0.8995215311	0.1366372942
0.6048879837	0.8995215311	0.1357583468
0.6069246436	0.8995215311	0.1353159201
0.6089613035	0.8995215311	0.1349223603
0.6109979633	0.8995215311	0.1342725253
0.6130346232	0.8995215311	0.1336243093
0.6130346232	0.9043062201	0.1333313909
0.6150712831	0.9043062201	0.1330498797
0.617107943	0.9043062201	0.1327517925
0.6191446029	0.9043062201	0.1318510517
0.6211812627	0.9043062201	0.1306575562
0.6232179226	0.9043062201	0.1294564947
0.6252545825	0.9043062201	0.1281900592
0.6272912424	0.9043062201	0.1271854804
0.6293279022	0.9043062201	0.125609239
0.6313645621	0.9043062201	0.1241660659
0.633401222	0.9043062201	0.1233206901
0.6354378819	0.9043062201	0.1221783238
0.6374745418	0.9043062201	0.1214307592
0.6395112016	0.9043062201	0.1209071063
0.6415478615	0.9043062201	0.1199909644
0.6435845214	0.9043062201	0.1188295438
0.6456211813	0.9043062201	0.1180056
0.6456211813	0.9090909091	0.1178542739
0.6476578411	0.9090909091	0.1177542373
0.649694501	0.9090909091	0.1176726504
0.6517311609	0.9090909091	0.1175070638
0.6537678208	0.9090909091	0.116690021
0.6558044807	0.9090909091	0.1159600704
0.6578411405	0.9090909091	0.1158117032
0.6598778004	0.9090909091	0.1152602081
0.6619144603	0.9090909091	0.1147037561
0.6639511202	0.9090909091	0.114562666
0.66598778	0.9090909091	0.1143619559
0.6680244399	0.9090909091	0.114199009
0.6700610998	0.9090909091	0.1141672289
0.6720977597	0.9090909091	0.1137504575
0.6741344196	0.9090909091	0.1130489132
0.6761710794	0.9090909091	0.1125861616
0.6782077393	0.9090909091	0.1118974333
0.6802443992	0.9090909091	0.1113229905
0.6822810591	0.9090909091	0.1108081449
0.6843177189	0.9090909091	0.1099082565
0.6863543788	0.9090909091	0.1093057467
0.6863543788	0.9138755981	0.1086099474
0.6883910387	0.9138755981	0.107899949
0.6904276986	0.9138755981	0.1076040098
0.6924643585	0.9138755981	0.1067738301
0.6945010183	0.9138755981	0.1059507792
0.6965376782	0.9138755981	0.1058262155
0.6985743381	0.9138755981	0.1055314489
0.700610998	0.9138755981	0.1051075535
0.7026476578	0.9138755981	0.1047199409
0.7046843177	0.9138755981	0.104268633
0.7067209776	0.9138755981	0.1038975923
0.7087576375	0.9138755981	0.1033173204
0.7107942974	0.9138755981	0.1028394185
0.7107942974	0.9186602871	0.1023817803
0.7128309572	0.9186602871	0.101918032
0.7148676171	0.9186602871	0.1014701328
0.716904277	0.9186602871	0.1010571825
0.716904277	0.9234449761	0.1009101938
0.7189409369	0.9234449761	0.1007367092
0.7209775967	0.9234449761	0.1005478695
0.7230142566	0.9234449761	0.09974192371
0.7250509165	0.9234449761	0.09838798044
0.7270875764	0.9234449761	0.09760423306
0.7291242363	0.9234449761	0.09725102345
0.7311608961	0.9234449761	0.0958605917
0.733197556	0.9234449761	0.09459773327
0.733197556	0.9282296651	0.09394057131
0.7352342159	0.9282296651	0.09310707053
0.7372708758	0.9282296651	0.09264387593
0.7393075356	0.9282296651	0.0920273769
0.7393075356	0.9330143541	0.09147919954
0.7413441955	0.9330143541	0.09129945969
0.7433808554	0.9330143541	0.0911532297
0.7454175153	0.9330143541	0.09108049223
0.7474541752	0.9330143541	0.09065701602
0.749490835	0.9330143541	0.08994433065
0.7515274949	0.9330143541	0.08955707327
0.7515274949	0.9377990431	0.08928646528
0.7515274949	0.9425837321	0.08861388622
0.7535641548	0.9425837321	0.08793125801
0.7556008147	0.9425837321	0.08742776588
0.7576374745	0.9425837321	0.0869036931
0.7596741344	0.9425837321	0.08667650554
0.7617107943	0.9425837321	0.08623274751
0.7637474542	0.9425837321	0.08547878134
0.7657841141	0.9425837321	0.08505124355
0.7678207739	0.9425837321	0.08464561591
0.7698574338	0.9425837321	0.08380796393
0.7718940937	0.9425837321	0.08275873721
0.7739307536	0.9425837321	0.08217204785
0.7759674134	0.9425837321	0.08205178919
0.7759674134	0.9473684211	0.0819952905
0.7780040733	0.9473684211	0.08167586027
0.7800407332	0.9473684211	0.08100606589
0.7820773931	0.9473684211	0.08059062826
0.784114053	0.9473684211	0.08030096428
0.7861507128	0.9473684211	0.07994974445
0.7881873727	0.9473684211	0.07934785773
0.7881873727	0.95215311	0.07862748742
0.7902240326	0.95215311	0.07830188069
0.7922606925	0.95215311	0.07818769103
0.7942973523	0.95215311	0.07816036147
0.7963340122	0.95215311	0.07808378671
0.7983706721	0.95215311	0.07783545171
0.800407332	0.95215311	0.07733028182
0.800407332	0.956937799	0.07680358185
0.8024439919	0.956937799	0.07654090433
0.8044806517	0.956937799	0.07603302849
0.8065173116	0.956937799	0.07550736707
0.8085539715	0.956937799	0.07529941593
0.8105906314	0.956937799	0.07500733404
0.8126272912	0.956937799	0.07470866423
0.8146639511	0.956937799	0.07410978167
0.816700611	0.956937799	0.07314241831
0.8187372709	0.956937799	0.07251462502
0.8187372709	0.961722488	0.07228332759
0.8207739308	0.961722488	0.07189128524
0.8228105906	0.961722488	0.07150520006
0.8248472505	0.961722488	0.07126918428
0.8268839104	0.961722488	0.07110369273
0.8289205703	0.961722488	0.07009281574
0.8309572301	0.961722488	0.06858089003
0.83299389	0.961722488	0.06803256966
0.8350305499	0.961722488	0.06756821118
0.8350305499	0.966507177	0.0668695677
0.8370672098	0.966507177	0.06657978776
0.8391038697	0.966507177	0.06635885864
0.8411405295	0.966507177	0.06606287963
0.8411405295	0.971291866	0.06581292804
0.8431771894	0.971291866	0.06559378925
0.8431771894	0.976076555	0.0654143791
0.8452138493	0.976076555	0.06461606865
0.8452138493	0.980861244	0.06391177832
0.8472505092	0.980861244	0.06373307538
0.849287169	0.980861244	0.06345723101
0.8513238289	0.980861244	0.06271752754
0.8533604888	0.980861244	0.06204601147
0.8553971487	0.980861244	0.06175809751
0.8574338086	0.980861244	0.06140850759
0.8594704684	0.980861244	0.0610544582
0.8594704684	0.985645933	0.06030485632
0.8615071283	0.985645933	0.05948247928
0.8635437882	0.985645933	0.05911237615
0.8635437882	0.990430622	0.058610224
0.8655804481	0.990430622	0.05813212387
0.8676171079	0.990430622	0.05811159094
0.8696537678	0.990430622	0.05806190517
0.8716904277	0.990430622	0.0578304525
0.8737270876	0.990430622	0.05753524872
0.8757637475	0.990430622	0.05742407592
0.8778004073	0.990430622	0.05656025967
0.8798370672	0.990430622	0.05555624849
0.8818737271	0.990430622	0.05534351677
0.883910387	0.990430622	0.05440478634
0.8859470468	0.990430622	0.05314627355
0.8879837067	0.990430622	0.05258859705
0.8900203666	0.990430622	0.05208051919
0.8920570265	0.990430622	0.05097570782
0.8940936864	0.990430622	0.05016869947
0.8961303462	0.990430622	0.04988034915
0.8981670061	0.990430622	0.04958391818
0.900203666	0.990430622	0.0495082699
0.9022403259	0.990430622	0.04946132482
0.9042769857	0.990430622	0.04927799185
0.9063136456	0.990430622	0.04903764065
0.9083503055	0.990430622	0.04883515275
0.9103869654	0.990430622	0.04851342666
0.9124236253	0.990430622	0.04807001683
0.9144602851	0.990430622	0.04775193117
0.9144602851	0.995215311	0.04758671288
0.916496945	0.995215311	0.04722343705
0.9185336049	0.995215311	0.04585821071
0.9205702648	0.995215311	0.04466607923
0.9226069246	0.995215311	0.04417852858
0.9246435845	0.995215311	0.04368117213
0.9266802444	0.995215311	0.04351102317
0.9287169043	0.995215311	0.0432676809
0.9307535642	0.995215311	0.04306678063
0.932790224	0.995215311	0.04300648244
0.9348268839	0.995215311	0.04287516325
0.9368635438	0.995215311	0.04260534441
0.9389002037	0.995215311	0.04234475965
0.9409368635	0.995215311	0.04188930046
0.9409368635	1	0.04127997831
0.9429735234	1	0.04099960813
0.9450101833	1	0.04093331692
0.9470468432	1	0.04009310162
0.9490835031	1	0.03894339905
0.9511201629	1	0.03842147966
0.9531568228	1	0.03767549666
0.9551934827	1	0.03680997023
0.9572301426	1	0.03620786008
0.9592668024	1	0.03568053324
0.9613034623	1	0.03515695244
0.9633401222	1	0.03467890076
0.9653767821	1	0.03395334591
0.967413442	1	0.03275958564
0.9694501018	1	0.03165189625
0.9714867617	1	0.03097833001
0.9735234216	1	0.03074073387
0.9755600815	1	0.03041134716
0.9775967413	1	0.02925818495
0.9796334012	1	0.02827852275
0.9816700611	1	0.02809650989
0.983706721	1	0.02772858587
0.9857433809	1	0.02620258713
0.9877800407	1	0.02301726448
0.9898167006	1	0.01998871516
0.9918533605	1	0.01876598768
0.9938900204	1	0.01769859941
0.9959266802	1	0.01631765043
0.9979633401	1	0.01361843049
1	1	0
